Sample Names	MutationType	SBS1	SBS2	SBS3	SBS4	SBS5	SBS6	SBS7a	SBS7b	SBS7c	SBS7d	SBS8	SBS9	SBS10a	SBS10b	SBS10c	SBS10d	SBS11	SBS12	SBS13	SBS14	SBS15	SBS16	SBS17a	SBS17b	SBS18	SBS19	SBS20	SBS21	SBS22a	SBS22b	SBS23	SBS24	SBS25	SBS26	SBS27	SBS28	SBS29	SBS30	SBS31	SBS32	SBS33	SBS34	SBS35	SBS36	SBS37	SBS38	SBS39	SBS40a	SBS40b	SBS40c	SBS41	SBS42	SBS43	SBS44	SBS45	SBS46	SBS47	SBS48	SBS49	SBS50	SBS51	SBS52	SBS53	SBS54	SBS55	SBS56	SBS57	SBS58	SBS59	SBS60	SBS84	SBS85	SBS86	SBS87	SBS88	SBS89	SBS90	SBS91	SBS92	SBS93	SBS94	SBS95	SBS96	SBS97	SBS98	SBS99
NBE15	A[C>A]A	0.00152428572148554	0	0.252638012785442	0	0.0370565196063266	0	0	0	0	0	0	0	0	0	0	0	0	0	0	0	0	0	0	0	0.311223858775666	0	0	0	0	0	0	0	0	0	0	0	0	0	0	0	0	0	0	0	0	0	0	0.39755732311108	0	0	0	0	0	0	0	0	0	0	0	0	0	0	0	0	0	0	0	0	0	0	0	0	0	0	0	0	0	0	0	0	0	0	0	0	0	0
NBE15	A[C>A]C	0.00765856728757506	0	0.391290371162461	0	0.0569161105815185	0	0	0	0	0	0	0	0	0	0	0	0	0	0	0	0	0	0	0	0.186424315683619	0	0	0	0	0	0	0	0	0	0	0	0	0	0	0	0	0	0	0	0	0	0	0.357710635284826	0	0	0	0	0	0	0	0	0	0	0	0	0	0	0	0	0	0	0	0	0	0	0	0	0	0	0	0	0	0	0	0	0	0	0	0	0	0
NBE15	A[C>A]G	0.00367333189077805	0	0.256406178130542	0	0.068914442541421	0	0	0	0	0	0	0	0	0	0	0	0	0	0	0	0	0	0	0	0.177144279954596	0	0	0	0	0	0	0	0	0	0	0	0	0	0	0	0	0	0	0	0	0	0	0.493861767482663	0	0	0	0	0	0	0	0	0	0	0	0	0	0	0	0	0	0	0	0	0	0	0	0	0	0	0	0	0	0	0	0	0	0	0	0	0	0
NBE15	A[C>A]T	0.00469818239426831	0	0.316142135577912	0	0.0435483818864213	0	0	0	0	0	0	0	0	0	0	0	0	0	0	0	0	0	0	0	0.275909477055079	0	0	0	0	0	0	0	0	0	0	0	0	0	0	0	0	0	0	0	0	0	0	0.359701823086319	0	0	0	0	0	0	0	0	0	0	0	0	0	0	0	0	0	0	0	0	0	0	0	0	0	0	0	0	0	0	0	0	0	0	0	0	0	0
NBE15	A[C>G]A	0.00855974679031816	0	0.640054286502499	0	0.0834295640658426	0	0	0	0	0	0	0	0	0	0	0	0	0	0	0	0	0	0	0	0.0279657760918716	0	0	0	0	0	0	0	0	0	0	0	0	0	0	0	0	0	0	0	0	0	0	0.239990626549469	0	0	0	0	0	0	0	0	0	0	0	0	0	0	0	0	0	0	0	0	0	0	0	0	0	0	0	0	0	0	0	0	0	0	0	0	0	0
NBE15	A[C>G]C	0.00878737652019551	0	0.594959892567098	0	0.0736927379044015	0	0	0	0	0	0	0	0	0	0	0	0	0	0	0	0	0	0	0	0.0655287531934639	0	0	0	0	0	0	0	0	0	0	0	0	0	0	0	0	0	0	0	0	0	0	0.257031239814841	0	0	0	0	0	0	0	0	0	0	0	0	0	0	0	0	0	0	0	0	0	0	0	0	0	0	0	0	0	0	0	0	0	0	0	0	0	0
NBE15	A[C>G]G	0.00541492312248416	0	0.084104396705078	0	0.145370087279723	0	0	0	0	0	0	0	0	0	0	0	0	0	0	0	0	0	0	0	0.317563101024654	0	0	0	0	0	0	0	0	0	0	0	0	0	0	0	0	0	0	0	0	0	0	0.447547491868061	0	0	0	0	0	0	0	0	0	0	0	0	0	0	0	0	0	0	0	0	0	0	0	0	0	0	0	0	0	0	0	0	0	0	0	0	0	0
NBE15	A[C>G]T	0.00544098283739391	0	0.586306178308012	0	0.0865255968448601	0	0	0	0	0	0	0	0	0	0	0	0	0	0	0	0	0	0	0	0.0684014992445909	0	0	0	0	0	0	0	0	0	0	0	0	0	0	0	0	0	0	0	0	0	0	0.253325742765143	0	0	0	0	0	0	0	0	0	0	0	0	0	0	0	0	0	0	0	0	0	0	0	0	0	0	0	0	0	0	0	0	0	0	0	0	0	0
NBE15	A[C>T]A	0.0628277769844477	0	0.251943140799423	0	0.14705501146369	0	0	0	0	0	0	0	0	0	0	0	0	0	0	0	0	0	0	0	0.0812142593015091	0	0	0	0	0	0	0	0	0	0	0	0	0	0	0	0	0	0	0	0	0	0	0.45695981145093	0	0	0	0	0	0	0	0	0	0	0	0	0	0	0	0	0	0	0	0	0	0	0	0	0	0	0	0	0	0	0	0	0	0	0	0	0	0
NBE15	A[C>T]C	0.0231874786616482	0	0.321188976373378	0	0.117879969212523	0	0	0	0	0	0	0	0	0	0	0	0	0	0	0	0	0	0	0	0.059926949078749	0	0	0	0	0	0	0	0	0	0	0	0	0	0	0	0	0	0	0	0	0	0	0.477816626673702	0	0	0	0	0	0	0	0	0	0	0	0	0	0	0	0	0	0	0	0	0	0	0	0	0	0	0	0	0	0	0	0	0	0	0	0	0	0
NBE15	A[C>T]G	0.701005316511503	0	0.0348468904135023	0	0.0213043095493335	0	0	0	0	0	0	0	0	0	0	0	0	0	0	0	0	0	0	0	0.0823040285401882	0	0	0	0	0	0	0	0	0	0	0	0	0	0	0	0	0	0	0	0	0	0	0.160539454985473	0	0	0	0	0	0	0	0	0	0	0	0	0	0	0	0	0	0	0	0	0	0	0	0	0	0	0	0	0	0	0	0	0	0	0	0	0	0
NBE15	A[C>T]T	0.0313676599033264	0	0.279707745571927	0	0.129297412464619	0	0	0	0	0	0	0	0	0	0	0	0	0	0	0	0	0	0	0	0.0916658840493991	0	0	0	0	0	0	0	0	0	0	0	0	0	0	0	0	0	0	0	0	0	0	0.467961298010729	0	0	0	0	0	0	0	0	0	0	0	0	0	0	0	0	0	0	0	0	0	0	0	0	0	0	0	0	0	0	0	0	0	0	0	0	0	0
NBE15	A[T>A]A	0.00639518419383297	0	0.309840370726266	0	0.105893675901905	0	0	0	0	0	0	0	0	0	0	0	0	0	0	0	0	0	0	0	0.0699190100505379	0	0	0	0	0	0	0	0	0	0	0	0	0	0	0	0	0	0	0	0	0	0	0.507951759127458	0	0	0	0	0	0	0	0	0	0	0	0	0	0	0	0	0	0	0	0	0	0	0	0	0	0	0	0	0	0	0	0	0	0	0	0	0	0
NBE15	A[T>A]C	0.0215277486467681	0	0.491395925833657	0	0.120081897940633	0	0	0	0	0	0	0	0	0	0	0	0	0	0	0	0	0	0	0	0.0297728888122096	0	0	0	0	0	0	0	0	0	0	0	0	0	0	0	0	0	0	0	0	0	0	0.337221538766733	0	0	0	0	0	0	0	0	0	0	0	0	0	0	0	0	0	0	0	0	0	0	0	0	0	0	0	0	0	0	0	0	0	0	0	0	0	0
NBE15	A[T>A]G	0.00740732093670751	0	0.44221765495331	0	0.106365766469248	0	0	0	0	0	0	0	0	0	0	0	0	0	0	0	0	0	0	0	0.0593420563708585	0	0	0	0	0	0	0	0	0	0	0	0	0	0	0	0	0	0	0	0	0	0	0.384667201269876	0	0	0	0	0	0	0	0	0	0	0	0	0	0	0	0	0	0	0	0	0	0	0	0	0	0	0	0	0	0	0	0	0	0	0	0	0	0
NBE15	A[T>A]T	0.00119615927331607	0	0.281956984706387	0	0.0727413485367539	0	0	0	0	0	0	0	0	0	0	0	0	0	0	0	0	0	0	0	0.180006409209932	0	0	0	0	0	0	0	0	0	0	0	0	0	0	0	0	0	0	0	0	0	0	0.464099098273611	0	0	0	0	0	0	0	0	0	0	0	0	0	0	0	0	0	0	0	0	0	0	0	0	0	0	0	0	0	0	0	0	0	0	0	0	0	0
NBE15	A[T>C]A	0.00346204364984057	0	0.369992365802302	0	0.263389717680778	0	0	0	0	0	0	0	0	0	0	0	0	0	0	0	0	0	0	0	0.0225367066275784	0	0	0	0	0	0	0	0	0	0	0	0	0	0	0	0	0	0	0	0	0	0	0.340619166239501	0	0	0	0	0	0	0	0	0	0	0	0	0	0	0	0	0	0	0	0	0	0	0	0	0	0	0	0	0	0	0	0	0	0	0	0	0	0
NBE15	A[T>C]C	0.0278822611427217	0	0.502479998723844	0	0.220602238622914	0	0	0	0	0	0	0	0	0	0	0	0	0	0	0	0	0	0	0	0.067333877707767	0	0	0	0	0	0	0	0	0	0	0	0	0	0	0	0	0	0	0	0	0	0	0.181701623802753	0	0	0	0	0	0	0	0	0	0	0	0	0	0	0	0	0	0	0	0	0	0	0	0	0	0	0	0	0	0	0	0	0	0	0	0	0	0
NBE15	A[T>C]G	0.000494092775953984	0	0.40477117051697	0	0.319606688014921	0	0	0	0	0	0	0	0	0	0	0	0	0	0	0	0	0	0	0	0.0340563401166377	0	0	0	0	0	0	0	0	0	0	0	0	0	0	0	0	0	0	0	0	0	0	0.241071708575517	0	0	0	0	0	0	0	0	0	0	0	0	0	0	0	0	0	0	0	0	0	0	0	0	0	0	0	0	0	0	0	0	0	0	0	0	0	0
NBE15	A[T>C]T	0.0174586606219627	0	0.371490430907958	0	0.209097255252538	0	0	0	0	0	0	0	0	0	0	0	0	0	0	0	0	0	0	0	0.0452999480618149	0	0	0	0	0	0	0	0	0	0	0	0	0	0	0	0	0	0	0	0	0	0	0.356653705155727	0	0	0	0	0	0	0	0	0	0	0	0	0	0	0	0	0	0	0	0	0	0	0	0	0	0	0	0	0	0	0	0	0	0	0	0	0	0
NBE15	A[T>G]A	0.00239667876781039	0	0.388579522383549	0	0.0965424001498236	0	0	0	0	0	0	0	0	0	0	0	0	0	0	0	0	0	0	0	0.0352897278161757	0	0	0	0	0	0	0	0	0	0	0	0	0	0	0	0	0	0	0	0	0	0	0.477191670882642	0	0	0	0	0	0	0	0	0	0	0	0	0	0	0	0	0	0	0	0	0	0	0	0	0	0	0	0	0	0	0	0	0	0	0	0	0	0
NBE15	A[T>G]C	0.00371026764035934	0	0.329010842673948	0	0.0836485260749183	0	0	0	0	0	0	0	0	0	0	0	0	0	0	0	0	0	0	0	0.0540199846110784	0	0	0	0	0	0	0	0	0	0	0	0	0	0	0	0	0	0	0	0	0	0	0.529610378999696	0	0	0	0	0	0	0	0	0	0	0	0	0	0	0	0	0	0	0	0	0	0	0	0	0	0	0	0	0	0	0	0	0	0	0	0	0	0
NBE15	A[T>G]G	0.00269770197126377	0	0.447714960298141	0	0.143459585908994	0	0	0	0	0	0	0	0	0	0	0	0	0	0	0	0	0	0	0	0.0703629996891771	0	0	0	0	0	0	0	0	0	0	0	0	0	0	0	0	0	0	0	0	0	0	0.335764752132424	0	0	0	0	0	0	0	0	0	0	0	0	0	0	0	0	0	0	0	0	0	0	0	0	0	0	0	0	0	0	0	0	0	0	0	0	0	0
NBE15	A[T>G]T	0.000958137038258226	0	0.239774098370394	0	0.074166342706297	0	0	0	0	0	0	0	0	0	0	0	0	0	0	0	0	0	0	0	0.05529169385014	0	0	0	0	0	0	0	0	0	0	0	0	0	0	0	0	0	0	0	0	0	0	0.629809728034911	0	0	0	0	0	0	0	0	0	0	0	0	0	0	0	0	0	0	0	0	0	0	0	0	0	0	0	0	0	0	0	0	0	0	0	0	0	0
NBE15	C[C>A]A	0.00060026185653297	0	0.305612973762611	0	0.0256581941867258	0	0	0	0	0	0	0	0	0	0	0	0	0	0	0	0	0	0	0	0.500093566616953	0	0	0	0	0	0	0	0	0	0	0	0	0	0	0	0	0	0	0	0	0	0	0.168035003577177	0	0	0	0	0	0	0	0	0	0	0	0	0	0	0	0	0	0	0	0	0	0	0	0	0	0	0	0	0	0	0	0	0	0	0	0	0	0
NBE15	C[C>A]C	0.00543888329151811	0	0.542724892670931	0	0.0334869508826926	0	0	0	0	0	0	0	0	0	0	0	0	0	0	0	0	0	0	0	0.209192242186472	0	0	0	0	0	0	0	0	0	0	0	0	0	0	0	0	0	0	0	0	0	0	0.209157030968386	0	0	0	0	0	0	0	0	0	0	0	0	0	0	0	0	0	0	0	0	0	0	0	0	0	0	0	0	0	0	0	0	0	0	0	0	0	0
NBE15	C[C>A]G	0.00121877569236758	0	0.23177211456116	0	0.0812291002546855	0	0	0	0	0	0	0	0	0	0	0	0	0	0	0	0	0	0	0	0.551314031010691	0	0	0	0	0	0	0	0	0	0	0	0	0	0	0	0	0	0	0	0	0	0	0.134465978481096	0	0	0	0	0	0	0	0	0	0	0	0	0	0	0	0	0	0	0	0	0	0	0	0	0	0	0	0	0	0	0	0	0	0	0	0	0	0
NBE15	C[C>A]T	7.67528225263614e-16	0	0.374274173025769	0	0.0401016148361696	0	0	0	0	0	0	0	0	0	0	0	0	0	0	0	0	0	0	0	0.438940916733936	0	0	0	0	0	0	0	0	0	0	0	0	0	0	0	0	0	0	0	0	0	0	0.146683295404125	0	0	0	0	0	0	0	0	0	0	0	0	0	0	0	0	0	0	0	0	0	0	0	0	0	0	0	0	0	0	0	0	0	0	0	0	0	0
NBE15	C[C>G]A	0.000136532921600359	0	0.772071119795656	0	0.0707876105660301	0	0	0	0	0	0	0	0	0	0	0	0	0	0	0	0	0	0	0	0.012200868487068	0	0	0	0	0	0	0	0	0	0	0	0	0	0	0	0	0	0	0	0	0	0	0.144803868229645	0	0	0	0	0	0	0	0	0	0	0	0	0	0	0	0	0	0	0	0	0	0	0	0	0	0	0	0	0	0	0	0	0	0	0	0	0	0
NBE15	C[C>G]C	0.000506661807839513	0	0.656834132064884	0	0.107421671998166	0	0	0	0	0	0	0	0	0	0	0	0	0	0	0	0	0	0	0	0.0523811900722098	0	0	0	0	0	0	0	0	0	0	0	0	0	0	0	0	0	0	0	0	0	0	0.182856344056902	0	0	0	0	0	0	0	0	0	0	0	0	0	0	0	0	0	0	0	0	0	0	0	0	0	0	0	0	0	0	0	0	0	0	0	0	0	0
NBE15	C[C>G]G	0.010386235780715	0	0.312471113227672	0	0.13187608478521	0	0	0	0	0	0	0	0	0	0	0	0	0	0	0	0	0	0	0	0.371049656988666	0	0	0	0	0	0	0	0	0	0	0	0	0	0	0	0	0	0	0	0	0	0	0.174216909217737	0	0	0	0	0	0	0	0	0	0	0	0	0	0	0	0	0	0	0	0	0	0	0	0	0	0	0	0	0	0	0	0	0	0	0	0	0	0
NBE15	C[C>G]T	9.76675491091969e-16	0	0.689651932389123	0	0.0749317714022005	0	0	0	0	0	0	0	0	0	0	0	0	0	0	0	0	0	0	0	0.0583169240789662	0	0	0	0	0	0	0	0	0	0	0	0	0	0	0	0	0	0	0	0	0	0	0.177099372129709	0	0	0	0	0	0	0	0	0	0	0	0	0	0	0	0	0	0	0	0	0	0	0	0	0	0	0	0	0	0	0	0	0	0	0	0	0	0
NBE15	C[C>T]A	0.00572921077060294	0	0.325606653323474	0	0.099750974763713	0	0	0	0	0	0	0	0	0	0	0	0	0	0	0	0	0	0	0	0.117729018010435	0	0	0	0	0	0	0	0	0	0	0	0	0	0	0	0	0	0	0	0	0	0	0.451184143131775	0	0	0	0	0	0	0	0	0	0	0	0	0	0	0	0	0	0	0	0	0	0	0	0	0	0	0	0	0	0	0	0	0	0	0	0	0	0
NBE15	C[C>T]C	0.000699648544660045	0	0.369547266155004	0	0.0883731358922253	0	0	0	0	0	0	0	0	0	0	0	0	0	0	0	0	0	0	0	0.0615312283335769	0	0	0	0	0	0	0	0	0	0	0	0	0	0	0	0	0	0	0	0	0	0	0.479848721074533	0	0	0	0	0	0	0	0	0	0	0	0	0	0	0	0	0	0	0	0	0	0	0	0	0	0	0	0	0	0	0	0	0	0	0	0	0	0
NBE15	C[C>T]G	0.570131386610681	0	0.0460012206405307	0	0.0913708138784361	0	0	0	0	0	0	0	0	0	0	0	0	0	0	0	0	0	0	0	0.171656782287653	0	0	0	0	0	0	0	0	0	0	0	0	0	0	0	0	0	0	0	0	0	0	0.120839796582699	0	0	0	0	0	0	0	0	0	0	0	0	0	0	0	0	0	0	0	0	0	0	0	0	0	0	0	0	0	0	0	0	0	0	0	0	0	0
NBE15	C[C>T]T	0.000477021027658636	0	0.395194969881683	0	0.100912177539494	0	0	0	0	0	0	0	0	0	0	0	0	0	0	0	0	0	0	0	0.0568506574557401	0	0	0	0	0	0	0	0	0	0	0	0	0	0	0	0	0	0	0	0	0	0	0.446565174095425	0	0	0	0	0	0	0	0	0	0	0	0	0	0	0	0	0	0	0	0	0	0	0	0	0	0	0	0	0	0	0	0	0	0	0	0	0	0
NBE15	C[T>A]A	0.000537629297049876	0	0.70099451245062	0	0.0794594227166025	0	0	0	0	0	0	0	0	0	0	0	0	0	0	0	0	0	0	0	0.0238080282617223	0	0	0	0	0	0	0	0	0	0	0	0	0	0	0	0	0	0	0	0	0	0	0.195200407274006	0	0	0	0	0	0	0	0	0	0	0	0	0	0	0	0	0	0	0	0	0	0	0	0	0	0	0	0	0	0	0	0	0	0	0	0	0	0
NBE15	C[T>A]C	0.00208731980763561	0	0.667450036417275	0	0.0494782266686854	0	0	0	0	0	0	0	0	0	0	0	0	0	0	0	0	0	0	0	0.057088744649435	0	0	0	0	0	0	0	0	0	0	0	0	0	0	0	0	0	0	0	0	0	0	0.223895672456969	0	0	0	0	0	0	0	0	0	0	0	0	0	0	0	0	0	0	0	0	0	0	0	0	0	0	0	0	0	0	0	0	0	0	0	0	0	0
NBE15	C[T>A]G	0.00215762110910425	0	0.620593699586453	0	0.0598851543798695	0	0	0	0	0	0	0	0	0	0	0	0	0	0	0	0	0	0	0	0.0750876813599206	0	0	0	0	0	0	0	0	0	0	0	0	0	0	0	0	0	0	0	0	0	0	0.242275843564653	0	0	0	0	0	0	0	0	0	0	0	0	0	0	0	0	0	0	0	0	0	0	0	0	0	0	0	0	0	0	0	0	0	0	0	0	0	0
NBE15	C[T>A]T	0.00156759202438454	0	0.540587807860157	0	0.0465349225306989	0	0	0	0	0	0	0	0	0	0	0	0	0	0	0	0	0	0	0	0.0478631503069938	0	0	0	0	0	0	0	0	0	0	0	0	0	0	0	0	0	0	0	0	0	0	0.363446527277766	0	0	0	0	0	0	0	0	0	0	0	0	0	0	0	0	0	0	0	0	0	0	0	0	0	0	0	0	0	0	0	0	0	0	0	0	0	0
NBE15	C[T>C]A	1.76496489014432e-15	0	0.493482265919299	0	0.188977697598443	0	0	0	0	0	0	0	0	0	0	0	0	0	0	0	0	0	0	0	0.0107331872643784	0	0	0	0	0	0	0	0	0	0	0	0	0	0	0	0	0	0	0	0	0	0	0.306806849217878	0	0	0	0	0	0	0	0	0	0	0	0	0	0	0	0	0	0	0	0	0	0	0	0	0	0	0	0	0	0	0	0	0	0	0	0	0	0
NBE15	C[T>C]C	0.0152925604978875	0	0.626196631133055	0	0.114188951809866	0	0	0	0	0	0	0	0	0	0	0	0	0	0	0	0	0	0	0	0.052857676233071	0	0	0	0	0	0	0	0	0	0	0	0	0	0	0	0	0	0	0	0	0	0	0.191464180326121	0	0	0	0	0	0	0	0	0	0	0	0	0	0	0	0	0	0	0	0	0	0	0	0	0	0	0	0	0	0	0	0	0	0	0	0	0	0
NBE15	C[T>C]G	0.00244326478566701	0	0.483940404940196	0	0.253385560265625	0	0	0	0	0	0	0	0	0	0	0	0	0	0	0	0	0	0	0	0.0386203114848293	0	0	0	0	0	0	0	0	0	0	0	0	0	0	0	0	0	0	0	0	0	0	0.221610458523683	0	0	0	0	0	0	0	0	0	0	0	0	0	0	0	0	0	0	0	0	0	0	0	0	0	0	0	0	0	0	0	0	0	0	0	0	0	0
NBE15	C[T>C]T	0.000223778175017887	0	0.586063788235274	0	0.140514809371758	0	0	0	0	0	0	0	0	0	0	0	0	0	0	0	0	0	0	0	0.047245236141599	0	0	0	0	0	0	0	0	0	0	0	0	0	0	0	0	0	0	0	0	0	0	0.225952388076352	0	0	0	0	0	0	0	0	0	0	0	0	0	0	0	0	0	0	0	0	0	0	0	0	0	0	0	0	0	0	0	0	0	0	0	0	0	0
NBE15	C[T>G]A	0.00077798025693516	0	0.676240767911364	0	0.101898469093346	0	0	0	0	0	0	0	0	0	0	0	0	0	0	0	0	0	0	0	0.00854620358153323	0	0	0	0	0	0	0	0	0	0	0	0	0	0	0	0	0	0	0	0	0	0	0.212536579156822	0	0	0	0	0	0	0	0	0	0	0	0	0	0	0	0	0	0	0	0	0	0	0	0	0	0	0	0	0	0	0	0	0	0	0	0	0	0
NBE15	C[T>G]C	0.00258696984220243	0	0.60649884413731	0	0.100973233603846	0	0	0	0	0	0	0	0	0	0	0	0	0	0	0	0	0	0	0	0.085298346886315	0	0	0	0	0	0	0	0	0	0	0	0	0	0	0	0	0	0	0	0	0	0	0.204642605530327	0	0	0	0	0	0	0	0	0	0	0	0	0	0	0	0	0	0	0	0	0	0	0	0	0	0	0	0	0	0	0	0	0	0	0	0	0	0
NBE15	C[T>G]G	0.00115741793373768	0	0.683070698922889	0	0.0994925024078189	0	0	0	0	0	0	0	0	0	0	0	0	0	0	0	0	0	0	0	0.0930635727734394	0	0	0	0	0	0	0	0	0	0	0	0	0	0	0	0	0	0	0	0	0	0	0.123215807962115	0	0	0	0	0	0	0	0	0	0	0	0	0	0	0	0	0	0	0	0	0	0	0	0	0	0	0	0	0	0	0	0	0	0	0	0	0	0
NBE15	C[T>G]T	0.00163187995481225	0	0.473642744374544	0	0.125045032729874	0	0	0	0	0	0	0	0	0	0	0	0	0	0	0	0	0	0	0	0.138779785518775	0	0	0	0	0	0	0	0	0	0	0	0	0	0	0	0	0	0	0	0	0	0	0.260900557421995	0	0	0	0	0	0	0	0	0	0	0	0	0	0	0	0	0	0	0	0	0	0	0	0	0	0	0	0	0	0	0	0	0	0	0	0	0	0
NBE15	G[C>A]A	0.00305294505704358	0	0.0972644477989232	0	0.0353763310132525	0	0	0	0	0	0	0	0	0	0	0	0	0	0	0	0	0	0	0	0.739812029595597	0	0	0	0	0	0	0	0	0	0	0	0	0	0	0	0	0	0	0	0	0	0	0.124494246535184	0	0	0	0	0	0	0	0	0	0	0	0	0	0	0	0	0	0	0	0	0	0	0	0	0	0	0	0	0	0	0	0	0	0	0	0	0	0
NBE15	G[C>A]C	0.00152968362497691	0	0.347241183341949	0	0.0619603935380229	0	0	0	0	0	0	0	0	0	0	0	0	0	0	0	0	0	0	0	0.274208623271599	0	0	0	0	0	0	0	0	0	0	0	0	0	0	0	0	0	0	0	0	0	0	0.315060116223453	0	0	0	0	0	0	0	0	0	0	0	0	0	0	0	0	0	0	0	0	0	0	0	0	0	0	0	0	0	0	0	0	0	0	0	0	0	0
NBE15	G[C>A]G	0.00918623600797968	0	0.157993124209034	0	0.0657303718812188	0	0	0	0	0	0	0	0	0	0	0	0	0	0	0	0	0	0	0	0.415579655694006	0	0	0	0	0	0	0	0	0	0	0	0	0	0	0	0	0	0	0	0	0	0	0.351510612207762	0	0	0	0	0	0	0	0	0	0	0	0	0	0	0	0	0	0	0	0	0	0	0	0	0	0	0	0	0	0	0	0	0	0	0	0	0	0
NBE15	G[C>A]T	6.52114343181083e-16	0	0.20648978226669	0	0.0358039495527675	0	0	0	0	0	0	0	0	0	0	0	0	0	0	0	0	0	0	0	0.640054385410697	0	0	0	0	0	0	0	0	0	0	0	0	0	0	0	0	0	0	0	0	0	0	0.117651882769845	0	0	0	0	0	0	0	0	0	0	0	0	0	0	0	0	0	0	0	0	0	0	0	0	0	0	0	0	0	0	0	0	0	0	0	0	0	0
NBE15	G[C>G]A	8.18042436342247e-05	0	0.764963310132374	0	0.0716689021359598	0	0	0	0	0	0	0	0	0	0	0	0	0	0	0	0	0	0	0	0.0190300778671478	0	0	0	0	0	0	0	0	0	0	0	0	0	0	0	0	0	0	0	0	0	0	0.144255905620885	0	0	0	0	0	0	0	0	0	0	0	0	0	0	0	0	0	0	0	0	0	0	0	0	0	0	0	0	0	0	0	0	0	0	0	0	0	0
NBE15	G[C>G]C	0.00173582579351721	0	0.644875587077708	0	0.0965110154006973	0	0	0	0	0	0	0	0	0	0	0	0	0	0	0	0	0	0	0	0.0498196011639773	0	0	0	0	0	0	0	0	0	0	0	0	0	0	0	0	0	0	0	0	0	0	0.207057970564101	0	0	0	0	0	0	0	0	0	0	0	0	0	0	0	0	0	0	0	0	0	0	0	0	0	0	0	0	0	0	0	0	0	0	0	0	0	0
NBE15	G[C>G]G	0.00631166428019053	0	0.649613279672165	0	0.103053929913522	0	0	0	0	0	0	0	0	0	0	0	0	0	0	0	0	0	0	0	0.0853435420816232	0	0	0	0	0	0	0	0	0	0	0	0	0	0	0	0	0	0	0	0	0	0	0.155677584052498	0	0	0	0	0	0	0	0	0	0	0	0	0	0	0	0	0	0	0	0	0	0	0	0	0	0	0	0	0	0	0	0	0	0	0	0	0	0
NBE15	G[C>G]T	1.5926661342748e-15	0	0.741339031398381	0	0.0861622096247054	0	0	0	0	0	0	0	0	0	0	0	0	0	0	0	0	0	0	0	0.0308627808451822	0	0	0	0	0	0	0	0	0	0	0	0	0	0	0	0	0	0	0	0	0	0	0.14163597813173	0	0	0	0	0	0	0	0	0	0	0	0	0	0	0	0	0	0	0	0	0	0	0	0	0	0	0	0	0	0	0	0	0	0	0	0	0	0
NBE15	G[C>T]A	0.0117367407586087	0	0.306063042296664	0	0.0920485174572659	0	0	0	0	0	0	0	0	0	0	0	0	0	0	0	0	0	0	0	0.0898819876487807	0	0	0	0	0	0	0	0	0	0	0	0	0	0	0	0	0	0	0	0	0	0	0.50026971183868	0	0	0	0	0	0	0	0	0	0	0	0	0	0	0	0	0	0	0	0	0	0	0	0	0	0	0	0	0	0	0	0	0	0	0	0	0	0
NBE15	G[C>T]C	0.0002870387798728	0	0.292669221417183	0	0.119942761254995	0	0	0	0	0	0	0	0	0	0	0	0	0	0	0	0	0	0	0	0.0887819293200694	0	0	0	0	0	0	0	0	0	0	0	0	0	0	0	0	0	0	0	0	0	0	0.49831904922788	0	0	0	0	0	0	0	0	0	0	0	0	0	0	0	0	0	0	0	0	0	0	0	0	0	0	0	0	0	0	0	0	0	0	0	0	0	0
NBE15	G[C>T]G	0.614637526464928	0	0.0105099051030095	0	0.0622469720493677	0	0	0	0	0	0	0	0	0	0	0	0	0	0	0	0	0	0	0	0.146574052911691	0	0	0	0	0	0	0	0	0	0	0	0	0	0	0	0	0	0	0	0	0	0	0.166031543471004	0	0	0	0	0	0	0	0	0	0	0	0	0	0	0	0	0	0	0	0	0	0	0	0	0	0	0	0	0	0	0	0	0	0	0	0	0	0
NBE15	G[C>T]T	0.000135263887413271	0	0.281066283181945	0	0.117622736814635	0	0	0	0	0	0	0	0	0	0	0	0	0	0	0	0	0	0	0	0.0827916767479761	0	0	0	0	0	0	0	0	0	0	0	0	0	0	0	0	0	0	0	0	0	0	0.518384039368031	0	0	0	0	0	0	0	0	0	0	0	0	0	0	0	0	0	0	0	0	0	0	0	0	0	0	0	0	0	0	0	0	0	0	0	0	0	0
NBE15	G[T>A]A	0.000989633053506925	0	0.607578665257235	0	0.0802993259200001	0	0	0	0	0	0	0	0	0	0	0	0	0	0	0	0	0	0	0	0.0685090759213621	0	0	0	0	0	0	0	0	0	0	0	0	0	0	0	0	0	0	0	0	0	0	0.242623299847895	0	0	0	0	0	0	0	0	0	0	0	0	0	0	0	0	0	0	0	0	0	0	0	0	0	0	0	0	0	0	0	0	0	0	0	0	0	0
NBE15	G[T>A]C	0.00145583694636084	0	0.595973359548721	0	0.0589476182532378	0	0	0	0	0	0	0	0	0	0	0	0	0	0	0	0	0	0	0	0.0773018964391869	0	0	0	0	0	0	0	0	0	0	0	0	0	0	0	0	0	0	0	0	0	0	0.266321288812493	0	0	0	0	0	0	0	0	0	0	0	0	0	0	0	0	0	0	0	0	0	0	0	0	0	0	0	0	0	0	0	0	0	0	0	0	0	0
NBE15	G[T>A]G	0.0019740029724882	0	0.65716235536453	0	0.0591976569580054	0	0	0	0	0	0	0	0	0	0	0	0	0	0	0	0	0	0	0	0.0515817442502211	0	0	0	0	0	0	0	0	0	0	0	0	0	0	0	0	0	0	0	0	0	0	0.230084240454755	0	0	0	0	0	0	0	0	0	0	0	0	0	0	0	0	0	0	0	0	0	0	0	0	0	0	0	0	0	0	0	0	0	0	0	0	0	0
NBE15	G[T>A]T	0.00189129718010207	0	0.636571829430988	0	0.0423688023325326	0	0	0	0	0	0	0	0	0	0	0	0	0	0	0	0	0	0	0	0.0890940523244692	0	0	0	0	0	0	0	0	0	0	0	0	0	0	0	0	0	0	0	0	0	0	0.230074018731908	0	0	0	0	0	0	0	0	0	0	0	0	0	0	0	0	0	0	0	0	0	0	0	0	0	0	0	0	0	0	0	0	0	0	0	0	0	0
NBE15	G[T>C]A	0.00807908761828634	0	0.542133584305437	0	0.194734504351346	0	0	0	0	0	0	0	0	0	0	0	0	0	0	0	0	0	0	0	0.0191354642298562	0	0	0	0	0	0	0	0	0	0	0	0	0	0	0	0	0	0	0	0	0	0	0.235917359495075	0	0	0	0	0	0	0	0	0	0	0	0	0	0	0	0	0	0	0	0	0	0	0	0	0	0	0	0	0	0	0	0	0	0	0	0	0	0
NBE15	G[T>C]C	0.0230580742261191	0	0.483226985934441	0	0.172957971626019	0	0	0	0	0	0	0	0	0	0	0	0	0	0	0	0	0	0	0	0.0963409271281706	0	0	0	0	0	0	0	0	0	0	0	0	0	0	0	0	0	0	0	0	0	0	0.22441604108525	0	0	0	0	0	0	0	0	0	0	0	0	0	0	0	0	0	0	0	0	0	0	0	0	0	0	0	0	0	0	0	0	0	0	0	0	0	0
NBE15	G[T>C]G	0.00833178256757378	0	0.548000598170433	0	0.191731656891485	0	0	0	0	0	0	0	0	0	0	0	0	0	0	0	0	0	0	0	0.0995561096579708	0	0	0	0	0	0	0	0	0	0	0	0	0	0	0	0	0	0	0	0	0	0	0.152379852712537	0	0	0	0	0	0	0	0	0	0	0	0	0	0	0	0	0	0	0	0	0	0	0	0	0	0	0	0	0	0	0	0	0	0	0	0	0	0
NBE15	G[T>C]T	0.000445215322670252	0	0.449738865224317	0	0.153577942184269	0	0	0	0	0	0	0	0	0	0	0	0	0	0	0	0	0	0	0	0.0691036637455315	0	0	0	0	0	0	0	0	0	0	0	0	0	0	0	0	0	0	0	0	0	0	0.327134313523212	0	0	0	0	0	0	0	0	0	0	0	0	0	0	0	0	0	0	0	0	0	0	0	0	0	0	0	0	0	0	0	0	0	0	0	0	0	0
NBE15	G[T>G]A	4.90451479828945e-15	0	0.686425081201226	0	0.0994991565707454	0	0	0	0	0	0	0	0	0	0	0	0	0	0	0	0	0	0	0	0.0672233870120673	0	0	0	0	0	0	0	0	0	0	0	0	0	0	0	0	0	0	0	0	0	0	0.146852375215957	0	0	0	0	0	0	0	0	0	0	0	0	0	0	0	0	0	0	0	0	0	0	0	0	0	0	0	0	0	0	0	0	0	0	0	0	0	0
NBE15	G[T>G]C	8.49809555845447e-15	0	0.62966882904084	0	0.116987788152399	0	0	0	0	0	0	0	0	0	0	0	0	0	0	0	0	0	0	0	0.0049504306456029	0	0	0	0	0	0	0	0	0	0	0	0	0	0	0	0	0	0	0	0	0	0	0.24839295216115	0	0	0	0	0	0	0	0	0	0	0	0	0	0	0	0	0	0	0	0	0	0	0	0	0	0	0	0	0	0	0	0	0	0	0	0	0	0
NBE15	G[T>G]G	0.00293933624788442	0	0.649978253572196	0	0.0803519093370626	0	0	0	0	0	0	0	0	0	0	0	0	0	0	0	0	0	0	0	0.172970149610544	0	0	0	0	0	0	0	0	0	0	0	0	0	0	0	0	0	0	0	0	0	0	0.0937603512323129	0	0	0	0	0	0	0	0	0	0	0	0	0	0	0	0	0	0	0	0	0	0	0	0	0	0	0	0	0	0	0	0	0	0	0	0	0	0
NBE15	G[T>G]T	0.000223498991766348	0	0.630189164661432	0	0.0645830047928696	0	0	0	0	0	0	0	0	0	0	0	0	0	0	0	0	0	0	0	0.115092345228944	0	0	0	0	0	0	0	0	0	0	0	0	0	0	0	0	0	0	0	0	0	0	0.189911986324989	0	0	0	0	0	0	0	0	0	0	0	0	0	0	0	0	0	0	0	0	0	0	0	0	0	0	0	0	0	0	0	0	0	0	0	0	0	0
NBE15	T[C>A]A	0.000129626909519064	0	0.11698896822786	0	0.0277983802817926	0	0	0	0	0	0	0	0	0	0	0	0	0	0	0	0	0	0	0	0.510781993332529	0	0	0	0	0	0	0	0	0	0	0	0	0	0	0	0	0	0	0	0	0	0	0.344301031248299	0	0	0	0	0	0	0	0	0	0	0	0	0	0	0	0	0	0	0	0	0	0	0	0	0	0	0	0	0	0	0	0	0	0	0	0	0	0
NBE15	T[C>A]C	0.00530067993800925	0	0.248498025474034	0	0.0344850611991198	0	0	0	0	0	0	0	0	0	0	0	0	0	0	0	0	0	0	0	0.320870969422135	0	0	0	0	0	0	0	0	0	0	0	0	0	0	0	0	0	0	0	0	0	0	0.390845263966702	0	0	0	0	0	0	0	0	0	0	0	0	0	0	0	0	0	0	0	0	0	0	0	0	0	0	0	0	0	0	0	0	0	0	0	0	0	0
NBE15	T[C>A]G	2.3917441722211e-15	0	0.106784584958558	0	0.0442858892629429	0	0	0	0	0	0	0	0	0	0	0	0	0	0	0	0	0	0	0	0.478545794118823	0	0	0	0	0	0	0	0	0	0	0	0	0	0	0	0	0	0	0	0	0	0	0.370383731659674	0	0	0	0	0	0	0	0	0	0	0	0	0	0	0	0	0	0	0	0	0	0	0	0	0	0	0	0	0	0	0	0	0	0	0	0	0	0
NBE15	T[C>A]T	8.73493558666821e-06	0	0.104582065775032	0	0.0338698917169559	0	0	0	0	0	0	0	0	0	0	0	0	0	0	0	0	0	0	0	0.636725374564381	0	0	0	0	0	0	0	0	0	0	0	0	0	0	0	0	0	0	0	0	0	0	0.224813933008045	0	0	0	0	0	0	0	0	0	0	0	0	0	0	0	0	0	0	0	0	0	0	0	0	0	0	0	0	0	0	0	0	0	0	0	0	0	0
NBE15	T[C>G]A	1.33013603310615e-15	0	0.560173412093833	0	0.0836315029797559	0	0	0	0	0	0	0	0	0	0	0	0	0	0	0	0	0	0	0	0.0448450923534483	0	0	0	0	0	0	0	0	0	0	0	0	0	0	0	0	0	0	0	0	0	0	0.311349992572961	0	0	0	0	0	0	0	0	0	0	0	0	0	0	0	0	0	0	0	0	0	0	0	0	0	0	0	0	0	0	0	0	0	0	0	0	0	0
NBE15	T[C>G]C	0.000907970339061569	0	0.641024021997738	0	0.0610154582503411	0	0	0	0	0	0	0	0	0	0	0	0	0	0	0	0	0	0	0	0.072899824439357	0	0	0	0	0	0	0	0	0	0	0	0	0	0	0	0	0	0	0	0	0	0	0.224152724973503	0	0	0	0	0	0	0	0	0	0	0	0	0	0	0	0	0	0	0	0	0	0	0	0	0	0	0	0	0	0	0	0	0	0	0	0	0	0
NBE15	T[C>G]G	0.00435239222027583	0	0.230277490776533	0	0.192527307675693	0	0	0	0	0	0	0	0	0	0	0	0	0	0	0	0	0	0	0	0.198078877383654	0	0	0	0	0	0	0	0	0	0	0	0	0	0	0	0	0	0	0	0	0	0	0.374763931943844	0	0	0	0	0	0	0	0	0	0	0	0	0	0	0	0	0	0	0	0	0	0	0	0	0	0	0	0	0	0	0	0	0	0	0	0	0	0
NBE15	T[C>G]T	0.00511205050960571	0	0.543676993718107	0	0.0735243366597522	0	0	0	0	0	0	0	0	0	0	0	0	0	0	0	0	0	0	0	0.0366041675046002	0	0	0	0	0	0	0	0	0	0	0	0	0	0	0	0	0	0	0	0	0	0	0.341082451607935	0	0	0	0	0	0	0	0	0	0	0	0	0	0	0	0	0	0	0	0	0	0	0	0	0	0	0	0	0	0	0	0	0	0	0	0	0	0
NBE15	T[C>T]A	0.00287256355654532	0	0.105237796405844	0	0.0942960126169818	0	0	0	0	0	0	0	0	0	0	0	0	0	0	0	0	0	0	0	0.103629736355106	0	0	0	0	0	0	0	0	0	0	0	0	0	0	0	0	0	0	0	0	0	0	0.693963891065523	0	0	0	0	0	0	0	0	0	0	0	0	0	0	0	0	0	0	0	0	0	0	0	0	0	0	0	0	0	0	0	0	0	0	0	0	0	0
NBE15	T[C>T]C	7.98978276005589e-05	0	0.201167322490004	0	0.088446706686193	0	0	0	0	0	0	0	0	0	0	0	0	0	0	0	0	0	0	0	0.0857908430605464	0	0	0	0	0	0	0	0	0	0	0	0	0	0	0	0	0	0	0	0	0	0	0.624515229935656	0	0	0	0	0	0	0	0	0	0	0	0	0	0	0	0	0	0	0	0	0	0	0	0	0	0	0	0	0	0	0	0	0	0	0	0	0	0
NBE15	T[C>T]G	0.474415261176547	0	0.0301137535198838	0	0.123087417045379	0	0	0	0	0	0	0	0	0	0	0	0	0	0	0	0	0	0	0	0.178764297741027	0	0	0	0	0	0	0	0	0	0	0	0	0	0	0	0	0	0	0	0	0	0	0.193619270517165	0	0	0	0	0	0	0	0	0	0	0	0	0	0	0	0	0	0	0	0	0	0	0	0	0	0	0	0	0	0	0	0	0	0	0	0	0	0
NBE15	T[C>T]T	6.92802429597342e-16	0	0.179228156867572	0	0.117125518583974	0	0	0	0	0	0	0	0	0	0	0	0	0	0	0	0	0	0	0	0.0409303726221365	0	0	0	0	0	0	0	0	0	0	0	0	0	0	0	0	0	0	0	0	0	0	0.662715951926316	0	0	0	0	0	0	0	0	0	0	0	0	0	0	0	0	0	0	0	0	0	0	0	0	0	0	0	0	0	0	0	0	0	0	0	0	0	0
NBE15	T[T>A]A	0.0413915480490347	0	0.283090883352412	0	0.0697625376578626	0	0	0	0	0	0	0	0	0	0	0	0	0	0	0	0	0	0	0	0.233667825822531	0	0	0	0	0	0	0	0	0	0	0	0	0	0	0	0	0	0	0	0	0	0	0.37208720511816	0	0	0	0	0	0	0	0	0	0	0	0	0	0	0	0	0	0	0	0	0	0	0	0	0	0	0	0	0	0	0	0	0	0	0	0	0	0
NBE15	T[T>A]C	1.49543112498871e-15	0	0.497199317983296	0	0.0498413234774153	0	0	0	0	0	0	0	0	0	0	0	0	0	0	0	0	0	0	0	0.0643182423132658	0	0	0	0	0	0	0	0	0	0	0	0	0	0	0	0	0	0	0	0	0	0	0.388641116226021	0	0	0	0	0	0	0	0	0	0	0	0	0	0	0	0	0	0	0	0	0	0	0	0	0	0	0	0	0	0	0	0	0	0	0	0	0	0
NBE15	T[T>A]G	0.00028555730865543	0	0.483211680341702	0	0.0876997659961478	0	0	0	0	0	0	0	0	0	0	0	0	0	0	0	0	0	0	0	0.0641354670847989	0	0	0	0	0	0	0	0	0	0	0	0	0	0	0	0	0	0	0	0	0	0	0.364667529268696	0	0	0	0	0	0	0	0	0	0	0	0	0	0	0	0	0	0	0	0	0	0	0	0	0	0	0	0	0	0	0	0	0	0	0	0	0	0
NBE15	T[T>A]T	0.0089853567359131	0	0.366520952920697	0	0.0627207904992931	0	0	0	0	0	0	0	0	0	0	0	0	0	0	0	0	0	0	0	0.0995965042610427	0	0	0	0	0	0	0	0	0	0	0	0	0	0	0	0	0	0	0	0	0	0	0.462176395583054	0	0	0	0	0	0	0	0	0	0	0	0	0	0	0	0	0	0	0	0	0	0	0	0	0	0	0	0	0	0	0	0	0	0	0	0	0	0
NBE15	T[T>C]A	0.00132187709366277	0	0.55628519029954	0	0.167484439673559	0	0	0	0	0	0	0	0	0	0	0	0	0	0	0	0	0	0	0	0.0327760498587468	0	0	0	0	0	0	0	0	0	0	0	0	0	0	0	0	0	0	0	0	0	0	0.242132443074492	0	0	0	0	0	0	0	0	0	0	0	0	0	0	0	0	0	0	0	0	0	0	0	0	0	0	0	0	0	0	0	0	0	0	0	0	0	0
NBE15	T[T>C]C	0.0270192694868073	0	0.505866582609925	0	0.138913215173628	0	0	0	0	0	0	0	0	0	0	0	0	0	0	0	0	0	0	0	0.173019509109753	0	0	0	0	0	0	0	0	0	0	0	0	0	0	0	0	0	0	0	0	0	0	0.155181423619887	0	0	0	0	0	0	0	0	0	0	0	0	0	0	0	0	0	0	0	0	0	0	0	0	0	0	0	0	0	0	0	0	0	0	0	0	0	0
NBE15	T[T>C]G	0.00388387273492523	0	0.456780231068975	0	0.212826567221854	0	0	0	0	0	0	0	0	0	0	0	0	0	0	0	0	0	0	0	0.106910883074529	0	0	0	0	0	0	0	0	0	0	0	0	0	0	0	0	0	0	0	0	0	0	0.219598445899717	0	0	0	0	0	0	0	0	0	0	0	0	0	0	0	0	0	0	0	0	0	0	0	0	0	0	0	0	0	0	0	0	0	0	0	0	0	0
NBE15	T[T>C]T	0.0218966602307245	0	0.496257762166895	0	0.167923811936927	0	0	0	0	0	0	0	0	0	0	0	0	0	0	0	0	0	0	0	0.0598622110774044	0	0	0	0	0	0	0	0	0	0	0	0	0	0	0	0	0	0	0	0	0	0	0.254059554588049	0	0	0	0	0	0	0	0	0	0	0	0	0	0	0	0	0	0	0	0	0	0	0	0	0	0	0	0	0	0	0	0	0	0	0	0	0	0
NBE15	T[T>G]A	2.26772580690497e-15	0	0.520599007467192	0	0.095298015015881	0	0	0	0	0	0	0	0	0	0	0	0	0	0	0	0	0	0	0	0.0248659536575637	0	0	0	0	0	0	0	0	0	0	0	0	0	0	0	0	0	0	0	0	0	0	0.359237023859361	0	0	0	0	0	0	0	0	0	0	0	0	0	0	0	0	0	0	0	0	0	0	0	0	0	0	0	0	0	0	0	0	0	0	0	0	0	0
NBE15	T[T>G]C	0.000528093948867035	0	0.425009751972153	0	0.112873269244437	0	0	0	0	0	0	0	0	0	0	0	0	0	0	0	0	0	0	0	0.0707113132016321	0	0	0	0	0	0	0	0	0	0	0	0	0	0	0	0	0	0	0	0	0	0	0.390877571632911	0	0	0	0	0	0	0	0	0	0	0	0	0	0	0	0	0	0	0	0	0	0	0	0	0	0	0	0	0	0	0	0	0	0	0	0	0	0
NBE15	T[T>G]G	0.00574060416122377	0	0.559613071106423	0	0.122659013772892	0	0	0	0	0	0	0	0	0	0	0	0	0	0	0	0	0	0	0	0.0501522220455924	0	0	0	0	0	0	0	0	0	0	0	0	0	0	0	0	0	0	0	0	0	0	0.261835088913869	0	0	0	0	0	0	0	0	0	0	0	0	0	0	0	0	0	0	0	0	0	0	0	0	0	0	0	0	0	0	0	0	0	0	0	0	0	0
NBE15	T[T>G]T	1.05532859266792e-15	0	0.350874505522093	0	0.114694954882319	0	0	0	0	0	0	0	0	0	0	0	0	0	0	0	0	0	0	0	0.08579114193755	0	0	0	0	0	0	0	0	0	0	0	0	0	0	0	0	0	0	0	0	0	0	0.448639397658036	0	0	0	0	0	0	0	0	0	0	0	0	0	0	0	0	0	0	0	0	0	0	0	0	0	0	0	0	0	0	0	0	0	0	0	0	0	0
