"chrom" "TCN" "A" "B" "Seglength" "n_mut_A" "n_mut_B" "n_mut_total" "density_total_mean" "density_A_mean" "density_B_mean" "density_total_lower" "density_total_upper" "density_A_lower" "density_A_upper" "density_B_lower" "density_B_upper" "p_total_to_mrca" "p_A_to_mrca" "p_B_to_mrca" "p_adj_total_to_mrca" "p_adj_A_to_mrca" "p_adj_B_to_mrca" "MRCA_qual" "p_A_to_eca" "p_B_to_eca" "p_adj_A_to_eca" "p_adj_B_to_eca" "A_time" "B_time"
"1" "1" 2 2 0 115964914 0 0 16 0.137972766486939 0 0 0.0788633573568771 0.224059128759936 0 0.0318103064700581 0 0.0318103064700581 0.0276289425162087 9.32793285546471e-12 NA 0.635465677872801 3.07821784230335e-10 NA "PASS" 0.499970871833722 NA 1 NA "ECA" NA
"2" "1" 4 2 2 98029491 2.88 2.88 32 0.326432379415292 0.0293789141473763 0.0293789141473763 0.223279505871193 0.460825121283354 0.00579025155353269 0.0875891330470842 0.00579025155353269 0.0875891330470842 0.0182661758762568 1.08478852619223e-07 NA 0.456654396906419 3.03740787333823e-06 NA "PASS" 0.0306618787050306 NA 0.306618787050306 NA "ECA" "ECA"
"3" "10" 2 2 0 127304624 0 0 23 0.180669006963958 0 0 0.114528652447414 0.271092218102251 0 0.0289767907732396 0 0.0289767907732396 0.181196142632225 8.25736210374954e-13 NA 1 2.80750311527484e-11 NA "PASS" 0.468861881076561 NA 1 NA "ECA" NA
"4" "11" 2 1 1 125674771 22 22 22 0.175055023573506 0.175055023573506 0.175055023573506 0.109706051282398 0.265035409430945 0.109706051282398 0.265035409430945 0.109706051282398 0.265035409430945 0.148489995163548 NA NA 1 NA NA "PASS" NA NA NA NA NA NA
"5" "12" 3 2 1 126829541 1 33.3333333333333 33.3333333333333 0.262819947707083 0.0078845984312125 0.262819947707083 0.181284006004781 0.368476052388175 0.000199620749114672 0.0439301707394723 0.181284006004781 0.368476052388175 0.173625541820198 2.56463496025188e-11 NA 1 8.20683187280602e-10 NA "PASS" 0.193509081564708 NA 1 NA "ECA" NA
"6" "13" 3 2 1 94726101 0 17.3333333333333 17.3333333333333 0.182983709350956 0 0.182983709350956 0.107228202822487 0.291673047661852 0 0.0389425872612865 0.107228202822487 0.291673047661852 0.218427585522443 8.99312982173577e-10 NA 1 2.78787024473809e-08 NA "PASS" 0.564805472308357 NA 1 NA "ECA" NA
"7" "14" 3 2 1 84640605 1.05 23.3333333333333 23.3333333333333 0.275675408196023 0.012405393368821 0.275675408196023 0.17539200460165 0.412465751273494 0.000364965150822353 0.066848771769842 0.17539200460165 0.412465751273494 0.151942447606278 1.54270901454603e-07 NA 1 4.16531433927428e-06 NA "PASS" 0.10502773106719 NA 0.945249579604708 NA "ECA" NA
"8" "15" 2 2 0 74019284 0 0 12 0.162119914588744 0 0 0.0837697255855949 0.283190864804595 0 0.0498367351690937 0 0.0498367351690937 0.16154671639357 8.00953903767485e-08 NA 1 2.32276632092571e-06 NA "PASS" 0.362573367769481 NA 1 NA "ECA" NA
"9" "16" 2 1 1 72199815 13 13 13 0.180055863024026 0.180055863024026 0.180055863024026 0.0958721638137688 0.307901009416144 0.0958721638137688 0.307901009416144 0.0958721638137688 0.307901009416144 0.264614141762019 NA NA 1 NA NA "PASS" NA NA NA NA NA NA
"10" "17" 4 2 2 75594894 0 0 16 0.211654506718403 0 0 0.12097883824854 0.343713658723577 0 0.0487979975752587 0 0.0487979975752587 0.476094068918444 5.6848251729238e-08 NA 1 1.70544755187714e-06 NA "PASS" 0.368459855444801 NA 1 NA "ECA" "ECA"
"11" "18" 2 1 1 70643927 20 20 20 0.283109969240527 0.283109969240527 0.283109969240527 0.1729309242025 0.437240385895798 0.1729309242025 0.437240385895798 0.1729309242025 0.437240385895798 0.124918175376245 NA NA 1 NA NA "PASS" NA NA NA NA NA NA
"12" "19" 2 1 1 54174668 8 8 8 0.147670494261266 0.147670494261266 0.147670494261266 0.0637536380794895 0.290969742909976 0.0637536380794895 0.290969742909976 0.0637536380794895 0.290969742909976 0.149368199425007 NA NA 1 NA NA "PASS" NA NA NA NA NA NA
"13" "2" 2 1 1 228673882 44 44 44 0.192413753661645 0.192413753661645 0.192413753661645 0.139808127970401 0.258306483292691 0.139808127970401 0.258306483292691 0.139808127970401 0.258306483292691 0.185847639830524 NA NA 1 NA NA "PASS" NA NA NA NA NA NA
"14" "20" 2 1 1 43529274 7 7 7 0.160811319756907 0.160811319756907 0.160811319756907 0.0646544909414264 0.331332779905826 0.0646544909414264 0.331332779905826 0.0646544909414264 0.331332779905826 0.246128789499226 NA NA 1 NA NA "PASS" NA NA NA NA NA NA
"15" "20" 3 2 1 15239916 3 2 2 0.131234319139292 0.196851478708938 0.131234319139292 0.0158930848794682 0.474063483533896 0.0405955074093323 0.575283556007941 0.0158930848794682 0.474063483533896 0.338146032968041 0.444095470055626 NA 1 1 NA "PASS" 6.52778606094112e-06 NA 6.52778606094112e-06 NA "MRCA" NA
"16" "21" 2 1 1 32689854 13 13 13 0.397676906112826 0.397676906112826 0.397676906112826 0.211746203914028 0.68003962079974 0.211746203914028 0.68003962079974 0.211746203914028 0.68003962079974 0.0186727811239258 NA NA 0.456654396906419 NA NA "PASS" NA NA NA NA NA NA
"17" "22" 2 1 1 33879944 4 4 4 0.118063949574415 0.118063949574415 0.118063949574415 0.0321684526286798 0.30229060223369 0.0321684526286798 0.30229060223369 0.0321684526286798 0.30229060223369 0.127547917776051 NA NA 1 NA NA "PASS" NA NA NA NA NA NA
"18" "3" 2 1 1 192826747 42 42 42 0.217812106740565 0.217812106740565 0.217812106740565 0.15697980805784 0.294418692747488 0.15697980805784 0.294418692747488 0.15697980805784 0.294418692747488 0.471559345442834 NA NA 1 NA NA "PASS" NA NA NA NA NA NA
"19" "4" 2 1 1 186106060 40 40 40 0.214931206431429 0.214931206431429 0.214931206431429 0.153550004990643 0.292675300116418 0.153550004990643 0.292675300116418 0.153550004990643 0.292675300116418 0.441383987696152 NA NA 1 NA NA "PASS" NA NA NA NA NA NA
"20" "5" 3 2 1 168385899 1.44 48 48 0.285059498954838 0.00855178496864516 0.285059498954838 0.210180371596812 0.377947539313415 0.000564114113132719 0.0375152977249892 0.210180371596812 0.377947539313415 0.0490065702327283 5.01071336406876e-15 NA 1 1.80385681106475e-13 NA "PASS" 0.283573726938209 NA 1 NA "ECA" NA
"21" "6" 2 1 1 164027693 37 37 37 0.225571666121037 0.225571666121037 0.225571666121037 0.158823269965188 0.310920828118523 0.158823269965188 0.310920828118523 0.158823269965188 0.310920828118523 0.439169642371273 NA NA 1 NA NA "PASS" NA NA NA NA NA NA
"22" "7" 4 2 2 148494650 0.465 0.465 46.5 0.31314259469954 0.0031314259469954 0.0031314259469954 0.229675700264307 0.417045215448149 1.86046611327159e-06 0.0310360817346362 1.86046611327159e-06 0.0310360817346362 0.0166351984028031 9.14220398758654e-15 NA 0.43251515847288 3.19977139565529e-13 NA "PASS" 0.416472473374254 NA 1 NA "ECA" "ECA"
"23" "8" 2 1 1 135860280 33 33 33 0.242896599359283 0.242896599359283 0.242896599359283 0.167198842610437 0.341117133493095 0.167198842610437 0.341117133493095 0.167198842610437 0.341117133493095 0.285367275171417 NA NA 1 NA NA "PASS" NA NA NA NA NA NA
"24" "9" 3 2 1 102888624 22.05 23.3333333333333 23.3333333333333 0.226782441305983 0.214309407034154 0.226782441305983 0.144285002602877 0.339312057760322 0.134386178479128 0.32431690744468 0.144285002602877 0.339312057760322 0.447952217361797 0.470773184206265 NA 1 1 NA "PASS" 6.03081192273802e-20 NA 1.2061623845476e-19 NA "MRCA" NA
